[3o.jpg]
filters=finetune2=1,0.374269,0.067368,0.030877,00000000,-0.239766;
moddate=8ef65e26a24bcd01
width=581
height=750
textactive=0
